61
52
77
11
94
48
87
81
30
44
61
52
77
11
94
48
87
81
30
44
89
45
12
76
45
9
7
4
6
34
68
28
94
48
87
81
30
44
89
45
12
76
56
57
58
59
36
37
38
39
26
29
198
657
356
435
55
44
33
22
11
61
52
77
11
94
48
87
81
30
44
61
52
77
11
94
48
87
81
30
44
89
45
12
76
45
9
7
4
6
34
68
28
94
48
87
81
30
44
89
45
12
76
56
57
58
59
36
37
38
39
26
29
198
657
356
435
55
44
33
22
11
61
52
77
11
94
48
87
81
30
44
61
52
77
11
94
48
87
81
30
44
89
45
12
76
45
9
7
4
6
34
68
28
94
48
87
81
30
44
89
45
12
76
56
57
58
59
36
37
38
39
26
29
198
657
356
435
55
44
33
22
11
61
52
77
11
94
48
87
81
30
44
61
52
77
11
94
48
87
81
30
44
89
45
12
76
45
9
7
4
6
34
68
28
94
48
87
81
30
44
89
45
12
76
56
57
58
59
36
37
38
39
26
29
198
657
356
435
55
44
33
22
11
61
52
77
11
94
48
87
81
30
44
61
52
77
11
94
48
87
81
30
44
89
45
12
76
45
9
7
4
6
34
68
28
94
48
87
81
30
44
89
45
12
76
56
57
58
59
36
37
38
39
26
29
198
657
356
435
55
44
33
22
11
61
52
77
11
94
48
87
81
30
44
61
52
77
11
94
48
87
81
30
44
89
45
12
76
45
9
7
4
6
34
68
28
94
48
87
81
30
44
89
45
12
76
56
57
58
59
36
37
38
39
26
29
198
657
356
435
55
44
33
22
11
61
52
77
11
94
48
87
81
30
44
61
52
77
11
94
48
87
81
30
44
89
45
12
76
45
9
7
4
6
34
68
28
94
48
87
81
30
44
89
45
12
76
56
57
58
59
36
37
38
39
26
29
198
657
356
435
55
44
33
22
11
61
52
77
11
94
48
87
81
30
44
61
52
77
11
94
48
87
81
30
44
89
45
12
76
45
9
7
4
6
34
68
28
94
48
87
81
30
44
89
45
12
76
56
57
58
59
36
37
38
39
26
29
198
657
356
435
55
44
33
22
11
61
52
77
11
94
48
87
81
30
44
61
52
77
11
94
48
87
81
30
44
89
45
12
76
45
9
7
4
6
34
68
28
94
48
87
81
30
44
89
45
12
76
56
57
58
59
36
37
38
39
26
29
198
657
356
435
55
44
33
22
11
61
52
77
11
94
48
87
81
30
44
61
52
77
11
94
48
87
81
30
44
89
45
12
76
45
9
7
4
6
34
68
28
94
48
87
81
30
44
89
45
12
76
56
57
58
59
36
37
38
39
26
29
198
657
356
435
55
44
33
22
11
61
52
77
11
94
48
87
81
30
44
61
52
77
11
94
48
87
81
30
44
89
45
12
76
45
9
7
4
6
34
68
28
94
48
87
81
30
44
89
45
12
76
56
57
58
59
36
37
38
39
26
29
198
657
356
435
55
44
33
22
11
61
52
77
11
94
48
87
81
30
44
61
52
77
11
94
48
87
81
30
44
89
45
12
76
45
9
7
4
6
34
68
28
94
48
87
81
30
44
89
45
12
76
56
57
58
59
36
37
38
39
26
29
198
657
356
435
55
44
33
22
11
61
52
77
11
94
48
87
81
30
44
61
52
77
11
94
48
87
81
30
44
89
45
12
76
45
9
7
4
6
34
68
28
94
48
87
81
30
44
89
45
12
76
56
57
58
59
36
37
38
39
26
29
198
657
356
435
55
44
33
22
11
61
52
77
11
94
48
87
81
30
44
61
52
77
11
94
48
87
81
30
44
89
45
12
76
45
9
7
4
6
34
68
28
94
48
87
81
30
44
89
45
12
76
56
57
58
59
36
37
38
39
26
29
198
657
356
435
55
44
33
22
11
61
52
77
11
94
48
87
81
30
44
61
52
77
11
94
48
87
81
30
44
89
45
12
76
45
9
7
4
6
34
68
28
94
48
87
81
30
44
89
45
12
76
56
57
58
59
36
37
38
39
26
29
198
657
356
435
55
44
33
22
11
61
52
77
11
94
48
87
81
30
44
61
52
77
11
94
48
87
81
30
44
89
45
12
76
45
9
7
4
6
34
68
28
94
48
87
81
30
44
89
45
12
76
56
57
58
59
36
37
38
39
26
29
198
657
356
435
55
44
33
22
11
61
52
77
11
94
48
87
81
30
44
61
52
77
11
94
48
87
81
30
44
89
45
12
76
45
9
7
4
6
34
68
28
94
48
87
81
30
44
89
45
12
76
56
57
58
59
36
37
38
39
26
29
198
657
356
435
55
44
33
22
11
61
52
77
11
94
48
87
81
30
44
61
52
77
11
94
48
87
81
30
44
89
45
12
76
45
9
7
4
6
34
68
28
94
48
87
81
30
44
89
45
12
76
56
57
58
59
36
37
38
39
26
29
198
657
356
435
55
44
33
22
11
